172
174
176
178
180
182
184
186
188
190
190
190
190
189
189
189
188
188
187
187
187
186
186
186
185
185
79
79
79
79
79
79
79
79
79
78
78
78
78
78
78
78
78
78
78
77
77
77
77
77
77
77
77
77
77
77
77
77
76
76
76
76
76
76
76
76
76
76
76
76
76
76
76
76
76
76
76
76
76
76
76
76
76
76
76
76
76
76
76
76
76
76
76
76
76
76
76
76
76
76
76
76
76
76
76
76
76
76
76
76
76
76
76
76
76
76
76
76
76
76
76
76
76
77
77
77
77
77
77
77
77
77
77
77
77
77
78
78
78
78
78
78
78
78
78
78
79
79
79
79
79
79
79
79
79
78
77
76
74
73
72
71
70
70
69
68
67
66
65
64
64
63
62
62
61
60
59
59
58
58
